0,53
54,79
80,89
90,136
137,186
187,231
232,296
297,363
364,438
439,481
482,571
572,640
641,717
718,787
788,858
859,938
939,999
1000,1071
1072,1143
1144,1216
1217,1283
1284,1349
1350,1395
1396,1470
1471,1536
1537,1635
1636,1760
1761,1884
1885,1987
1988,2040
2041,2142
2143,2230
2231,2315
2316,2395
2396,2416
2417,2502
2503,2566
2567,2639
2640,2698
2699,2761
2762,2809
2810,2861
2862,2906
2907,2991
2992,3064
3065,3149
3150,3220
3221,3292
3293,3377
3378,3461
3462,3547
3548,3645
3646,3739
3740,3788
3789,3852
3853,3935
3936,4011
4012,4081
4082,4156
4157,4230
4231,4299
4300,4348
4349,4407
4408,4451
4452,4510
4511,4571
4572,4635
4636,4694
4695,4755
4756,4826
4827,4912
4913,4997
4998,5087
5088,5198
5199,5285
5286,5387
5388,5475
5476,5522
5523,5570
5571,5653
5654,5704
5705,5794
5795,5840
5841,5854
5855,5938
5939,5983
5984,6037
6038,6046
6047,6134
6135,6209
6210,6296
6297,6386
6387,6459
6460,6512
6513,6524
6525,6576
6577,6667
6668,6755
6756,6844
6845,6935
6936,7033
7034,7062
7063,7153
7154,7231
7232,7328
7329,7393
7394,7489
7490,7575
7576,7672
7673,7763
7764,7840
7841,7881
7882,7940
7941,8020
8021,8481
8482,8639
8640,8735
8736,8937
8938,9095
9096,9234
9235,9281
9282,9328
9329,9372
9373,9399
9400,9443
9444,9523
9524,9692
9693,9846
9847,9903
9904,9972
9973,10030
10031,10085
10086,10152
10153,10220
10221,10262
10263,10362
10363,10423
10424,10491
10492,10570
10571,10635
10636,10683
10684,10777
10778,10862
10863,10899
10900,10916
10917,10983
10984,11053
11054,11122
11123,11176
11177,11239